........................................................................
SECC:359898
FAIL:51
AVG RSP TIME:63644593
25450658	65439610
25450659	60790169
25450660	61849976
25450661	63935975
25450662	65091920
25450663	62781443
25450664	64536610
25450665	62759517
25450666	64012201
25450667	66161471
25450668	62704836
...............................................................................................
SECC:469648
FAIL:5106
AVG RSP TIME:61801494
25450669	66898326
25450670	62639349
25450671	63314258
25450672	59984452
25450673	60274553
25450674	62958840
25450675	61458985
25450676	62635517
25450677	60949435
25450678	59616584
25450679	61057823
.......................................................................................................................
SECC:583914
FAIL:8043
AVG RSP TIME:62594167
25450680	61246074
25450681	60590141
25450682	62589419
25450683	62128752
25450684	63574790
25450685	64841340
25450686	62658492
25450687	63549328
25450688	61810233
25450689	61741850
25450690	62990544
.....................................
SECC:179999
FAIL:1
AVG RSP TIME:18586632
25450713	13683053
25450714	18565755
25450715	17844067
25450716	19705366
25450717	19536268
25450718	19982781
25450719	17752422
25450720	18760663
25450721	19209344
25450722	19184633
25450723	18960799
.................................................
SECC:239999
FAIL:1
AVG RSP TIME:15323492
25450726	15492436
25450727	15707472
25450728	15207243
25450729	16970397
25450730	13719912
25450731	16175384
25450732	14177616
25450733	14791895
25450734	17102253
25450735	13993757
25450736	15165780
.............................................................
SECC:299999
FAIL:1
AVG RSP TIME:18503967
25450737	22166710
25450738	20058552
25450739	20496058
25450740	17669284
25450741	17925666
25450742	17391041
25450743	17802099
25450744	18579305
25450745	17743491
25450746	16601374
25450747	14276644
.......................................................
SECC:269998
FAIL:1
AVG RSP TIME:43623211
25450749	46490965
25450750	42691702
25450751	42909411
25450752	46501646
25450753	42428986
25450754	44573142
25450755	43552381
25450756	46544776
25450757	40082503
25450758	42212149
25450759	42541224
.........................................................................
SECC:359998
FAIL:1
AVG RSP TIME:41071707
25450760	40693902
25450761	42237167
25450762	40519789
25450763	41494148
25450764	40473802
25450765	40729155
25450766	39395742
25450767	41782671
25450768	40249837
25450769	43382224
25450770	37700827
...........................................................................................
SECC:449998
FAIL:1
AVG RSP TIME:36083542
25450929	36401396
25450930	37190240
25450931	34991080
25450932	34857486
25450933	39007782
25450934	37926707
25450935	36183440
25450936	35346673
25450937	35218710
25450938	33838243
25450939	34997781
